programa,-1,,-1,1
vcitest2@,-55,0,1
;,-75,,-1,1
variables,-15,-1,2
entero,-11,,-1,3
a&,-51,-2,3
,,-76,,-1,3
b&,-51,-2,3
,,-76,,-1,3
x&,-51,-2,3
;,-75,,-1,3
inicio,-2,,-1,4
si,-6,-2,5
(,-73,-1,5
a&,-51,-2,5
>,-33,-1,5
b&,-51,,-2,5
),-74,,-1,5
entonces,-16,-1,5
inicio,-2,,-1,6
a&,-51,-2,5
=,-26,-1,5
10,-61,-1,5
;,-75,,-1,5
fin,-3,-1,6
sino,-7,-1,7
inicio,-2,-1,8
x&,-51,,-2,9
=,-26,-1,9
10,-61,-1,9
;,-75,-1,9
fin,-3,-1,10
fin,-3,-1,11
a,-51,-2,1
=,-26,-1,1
0,-61,-1,1
;,-75,-1,1
repeat,-9,-1,1
begin,-2,-1,1
a,-51,-2,1
=,-26,-1,1
a,-51,-2,1
+,-24,-1,1
1,-61,-1,1
;,-75,-1,1
write,-5,-1,1
(,-73,-1,1
a,-51,-2,1
),-74,-1,1
;,-75,-1,1
end,-3,-1,1
Until,-10,-1,1
(,-73,-1,1
a,-51,-2,1
>,-33,-1,1
2,-61,-1,1
),-74,-1,1
;,-75,-1,1